Generating K
Generating P
Generating q
Generating A
Generating b
Generating G
Generating h
Generating Solution
     pcost       dcost       gap    pres   dres
 0:  2.6550e+05 -3.3588e+06  7e+06  3e-01  3e-13
 1:  2.0711e+05 -8.8458e+05  1e+06  3e-02  2e-13
 2:  5.4230e+04 -1.0584e+05  2e+05  2e-03  2e-13
 3:  8.0447e+03 -1.0701e+04  2e+04  2e-15  1e-13
 4:  9.7450e+02 -1.6928e+03  3e+03  1e-14  4e-14
 5:  1.3043e+02 -4.7693e+02  6e+02  2e-14  2e-14
 6: -3.9452e+01 -2.5525e+02  2e+02  3e-14  1e-14
 7: -6.8295e+01 -1.0358e+02  4e+01  9e-15  2e-14
 8: -7.3391e+01 -8.1825e+01  8e+00  8e-15  2e-14
 9: -7.4430e+01 -7.6360e+01  2e+00  7e-15  3e-14
10: -7.4742e+01 -7.4909e+01  2e-01  2e-14  2e-14
11: -7.4774e+01 -7.4786e+01  1e-02  1e-14  2e-14
12: -7.4777e+01 -7.4777e+01  4e-04  1e-14  4e-14
13: -7.4777e+01 -7.4777e+01  2e-05  2e-14  3e-14
Optimal solution found.
Generating a
[ 1. -1. -1.  1.  1. -1.  1.  1.  1.  1. -1. -1.  1.  1. -1. -1.  1.  1.
 -1.  1.  1.  1. -1.  1. -1.  1.  1. -1.  1. -1.  1.  1.  1.  1.  1. -1.
  1.  1.  1.  1.  1.  1. -1.  1.  1.  1.  1.  1.  1. -1.  1. -1.  1.  1.
  1.  1.  1. -1. -1.  1.  1.  1.  1.  1. -1.  1.  1. -1. -1. -1.  1. -1.
  1.  1. -1.  1.  1.  1.  1. -1.  1.  1. -1. -1.  1.  1. -1. -1. -1. -1.
  1. -1.  1. -1.  1. -1.  1.  1.  1.  1.  1. -1.  1.  1.  1.  1.  1. -1.
  1.  1.  1.  1. -1.  1. -1.  1.  1. -1.  1.  1.  1. -1.  1. -1.  1.  1.
 -1.  1.  1.  1. -1. -1. -1. -1.  1. -1.  1. -1.  1.  1.  1. -1.  1.  1.
 -1.  1.  1. -1.  1. -1.  1. -1.  1.  1.  1. -1. -1.  1.  1. -1.  1. -1.
 -1. -1.  1.  1. -1.  1. -1.  1.  1. -1. -1. -1.  1.  1.  1. -1.  1.  1.
 -1.  1. -1.  1. -1.  1.  1. -1.  1.  1.  1.  1.  1. -1.  1.  1.  1. -1.
  1. -1.  1. -1.  1.  1. -1.  1.  1. -1. -1. -1. -1.  1. -1.  1.  1.  1.
 -1.  1.  1. -1. -1.  1. -1.  1.  1.  1.  1. -1. -1. -1.  1. -1. -1.  1.
 -1.  1.  1. -1. -1. -1. -1. -1.  1. -1. -1.  1.  1.  1. -1.  1. -1.  1.
 -1.  1.  1.  1.  1.  1.  1. -1. -1.  1. -1.  1.  1.  1.  1.  1. -1.  1.
 -1.  1.  1. -1.  1.  1. -1.  1.  1. -1.  1.  1.  1.  1.  1.  1. -1.  1.
  1.  1.  1. -1. -1.  1.  1. -1.  1. -1.  1.  1.  1.  1.  1.  1.  1. -1.
  1. -1.  1.  1.  1.  1. -1. -1. -1. -1. -1.  1. -1.  1.  1. -1. -1.  1.
  1.  1. -1.  1.  1.  1. -1.  1. -1. -1.  1. -1. -1.  1. -1. -1.  1. -1.
 -1.  1.  1.  1.  1.  1.  1. -1.  1.  1. -1. -1.  1.  1. -1.  1.  1. -1.
 -1.  1. -1. -1.  1.  1.  1.  1.  1. -1.  1.  1. -1.  1.  1.  1.  1.  1.
  1.  1.  1.  1. -1.  1.  1.  1.  1. -1. -1.  1. -1.  1.  1.  1.  1.  1.
  1.  1.  1. -1. -1. -1. -1.  1.  1.  1. -1.  1. -1.  1.  1. -1. -1. -1.
  1. -1.  1.  1.  1.  1.  1. -1. -1.  1. -1.  1.  1. -1.  1. -1.  1.  1.
  1.  1.  1.  1.  1.  1.  1. -1.  1. -1.  1. -1.  1.  1. -1. -1. -1. -1.
 -1. -1. -1. -1.  1. -1.  1.  1.  1. -1. -1.  1.  1. -1. -1.  1. -1. -1.
 -1.  1.  1.  1.  1. -1.  1.  1.  1.  1. -1.  1.  1. -1. -1. -1.  1.  1.
  1.  1.  1.  1.  1.  1. -1.  1.  1. -1. -1.  1.  1.  1.  1. -1.  1. -1.
  1. -1.  1.  1. -1.  1.  1.  1.  1.  1. -1.  1.  1.  1.  1.  1. -1.  1.
 -1. -1.  1. -1. -1. -1. -1. -1. -1.  1. -1. -1. -1. -1.  1.  1.  1.  1.
 -1.  1.  1. -1.  1. -1.  1. -1.  1.  1. -1.  1.  1. -1. -1.  1. -1.  1.
  1.  1.  1.  1.  1.  1. -1. -1. -1.  1. -1. -1.  1.  1.  1.  1.  1. -1.
  1. -1. -1.  1.  1.  1. -1.  1. -1.  1. -1.  1. -1.  1.  1. -1. -1. -1.
  1. -1.  1.  1. -1. -1. -1.  1.  1.  1. -1. -1. -1. -1.  1. -1.  1. -1.
 -1.  1.  1.  1. -1. -1.  1.  1.  1.  1. -1. -1.  1. -1.  1. -1.  1.  1.
  1.  1. -1.  1.  1. -1. -1. -1.  1.  1.  1.  1. -1.  1. -1.  1. -1.  1.
  1.  1.  1.  1.  1. -1.  1. -1. -1.  1.  1. -1.  1. -1.  1.  1. -1.  1.
 -1.  1. -1. -1. -1. -1. -1. -1. -1.  1. -1.  1. -1.  1. -1.  1. -1. -1.
  1. -1.  1. -1.  1. -1. -1. -1.  1.  1.  1.  1.  1.  1.  1. -1.  1. -1.
  1.  1. -1.  1.  1. -1. -1.  1. -1.  1.  1. -1. -1. -1.  1.  1.  1. -1.
  1.  1.  1.  1.  1. -1.  1.  1. -1. -1.  1. -1.  1. -1.  1.  1.  1.  1.
  1. -1. -1. -1. -1. -1. -1.  1.  1.  1.  1.  1.  1.  1. -1.  1.  1. -1.
 -1. -1. -1. -1. -1.  1. -1.  1.  1.  1. -1.  1. -1.  1. -1. -1. -1. -1.
 -1. -1.  1. -1. -1. -1. -1.  1. -1.  1. -1.  1. -1. -1.  1.  1.  1.  1.
 -1.  1. -1.  1.  1.  1.  1. -1.  1.  1.  1.  1.  1.  1.  1. -1.  1. -1.
  1.  1.  1. -1.  1. -1. -1.  1.  1.  1.  1. -1. -1.  1.  1.  1.  1. -1.
 -1.  1.  1.  1. -1. -1.  1. -1.  1. -1.  1. -1. -1. -1. -1. -1.  1. -1.
 -1. -1. -1. -1. -1. -1.  1.  1. -1. -1.  1.  1. -1.  1.  1. -1.  1.  1.
  1. -1.  1. -1. -1.  1. -1.  1. -1.  1.  1. -1.  1.  1. -1. -1. -1.  1.
 -1.  1. -1. -1.  1.  1.  1.  1.  1.  1.  1. -1. -1.  1.  1.  1.  1.  1.
  1.  1.  1.  1.  1.  1.  1.  1. -1.  1. -1.  1. -1.  1.  1.  1. -1. -1.
 -1. -1.  1. -1. -1. -1. -1.  1. -1. -1.  1.  1.  1.  1.  1.  1.  1. -1.
  1.  1. -1. -1.  1. -1.  1. -1. -1. -1.  1.  1.  1. -1.  1.  1.  1.  1.
 -1.  1.  1. -1.  1.  1.  1.  1.  1. -1.  1.  1.  1.  1. -1. -1. -1.  1.
  1. -1. -1. -1. -1.  1.  1.  1. -1.  1.  1. -1.  1.  1.  1. -1.  1. -1.
  1. -1.  1. -1. -1. -1.]
